184.250000
336.250000
351.250000
375.250000
0.967773
1
365.375000
501.375000
488.625000
587.625000
0.965332
1
188.187500
428.625000
358.312500
548.375000
0.957031
0
86.093750
242.000000
185.156250
534.000000
0.951660
1
166.437500
-0.125000
317.562500
81.625000
0.937500
1
180.687500
130.125000
385.812500
234.625000
0.924805
0
334.125000
235.687500
504.875000
394.312500
0.896484
1
399.625000
93.718750
544.375000
159.531250
0.895996
1
201.437500
281.875000
282.562500
338.125000
0.878906
1
80.812500
103.218750
177.187500
227.531250
0.853516
1
184.937500
59.000000
255.562500
128.000000
0.839844
1
379.125000
144.875000
554.875000
230.625000
0.805176
1
360.500000
397.000000
499.500000
499.000000
0.798828
1
184.250000
373.875000
306.000000
424.125000
0.784668
1
209.312500
579.500000
321.187500
638.500000
0.782715
1
83.375000
590.000000
181.875000
640.000000
0.731445
1
403.625000
0.375000
557.375000
97.375000
0.727051
1
80.781250
0.656250
168.218750
102.218750
0.607910
1
